20 100
17 12
15 1
6 3
18 15
4 15
16 19
19 6
12 8
11 1
15 8
12 5
16 14
16 15
9 4
6 18
18 10
1 17
8 1
16 5
2 14
18 3
10 20
18 3
17 9
15 9
7 3
10 17
10 19
3 10
1 5
1 16
13 1
15 8
5 12
4 16
12 5
7 12
12 4
12 14
6 7
8 15
5 11
4 10
6 13
10 14
8 19
15 12
2 19
2 13
6 5
16 19
15 20
8 4
8 6
20 6
1 20
1 4
10 15
14 19
8 6
11 20
3 10
17 15
20 11
16 11
6 13
8 5
10 12
13 1
15 3
15 2
15 20
4 18
9 1
17 4
10 20
9 6
17 5
11 2
4 6
3 6
15 5
10 1
16 2
2 1
3 12
10 8
13 20
16 11
3 11
1 16
1 18
20 14
10 4
5 16
1 5
10 18
11 10
14 17
11 5
